dataset              k   cf_rmse  ctrl_rmse  trt_rmse    pehe   ate_hat  ate_true   ate_abs
-------------------------------------------------------------------------------------------
ihdp_npci_1.csv      5    1.1932     1.1361    1.4162  1.1689    4.0009    4.0161    0.0152
ihdp_npci_10.csv     5    2.8313     1.1668    6.0931  2.8244    4.7752    4.5860    0.1892
ihdp_npci_2.csv      5    1.1370     1.1332    1.1533  1.1332    4.1357    4.0508    0.0849
ihdp_npci_3.csv      5    1.1361     1.0880    1.3261  1.1731    4.1090    4.0992    0.0099
ihdp_npci_4.csv      5    1.3023     1.1697    1.7691  1.2563    4.2708    4.2737    0.0029
ihdp_npci_5.csv      5    1.4967     1.1522    2.4964  1.4501    4.2136    4.1624    0.0512
ihdp_npci_6.csv      5    1.1822     1.1158    1.4371  1.1508    4.1548    4.0040    0.1509
ihdp_npci_7.csv      5    1.1624     1.1620    1.1639  1.1137    3.8432    3.9905    0.1473
ihdp_npci_8.csv      5    1.3337     1.1871    1.8425  1.4448    3.7072    3.8537    0.1464
ihdp_npci_9.csv      5    8.7998     1.2207   20.2395  8.8159   10.9483   10.4660    0.4822
-------------------------------------------------------------------------------------------
AVERAGE              5    2.1575     1.1532    3.8937  2.1531    4.8159    4.7502    0.1280
