dataset              k   cf_rmse  ctrl_rmse  trt_rmse    pehe   ate_hat  ate_true   ate_abs
-------------------------------------------------------------------------------------------
ihdp_npci_1.csv      5    1.2110     1.1551    1.4300  1.1606    4.0250    4.0161    0.0090
ihdp_npci_10.csv     5    2.8183     1.1151    6.1029  2.7923    4.7916    4.5860    0.2056
ihdp_npci_2.csv      5    1.1383     1.1476    1.0970  1.1217    4.1600    4.0508    0.1092
ihdp_npci_3.csv      5    1.1227     1.0755    1.3089  1.1628    4.1417    4.0992    0.0425
ihdp_npci_4.csv      5    1.3442     1.1879    1.8807  1.3170    4.2727    4.2737    0.0009
ihdp_npci_5.csv      5    1.6782     1.1792    3.0088  1.6395    4.1530    4.1624    0.0094
ihdp_npci_6.csv      5    1.1882     1.1166    1.4604  1.1374    4.1421    4.0040    0.1382
ihdp_npci_7.csv      5    1.1729     1.1693    1.1885  1.1037    3.8194    3.9905    0.1711
ihdp_npci_8.csv      5    1.3609     1.1737    1.9820  1.4563    3.6985    3.8537    0.1552
ihdp_npci_9.csv      5   10.5976     1.2263   24.4333 10.6334   11.1292   10.4660    0.6631
-------------------------------------------------------------------------------------------
AVERAGE              5    2.3632     1.1546    4.3892  2.3525    4.8333    4.7502    0.1504
