dataset              k   cf_rmse  ctrl_rmse  trt_rmse    pehe   ate_hat  ate_true   ate_abs
-------------------------------------------------------------------------------------------
ihdp_npci_1.csv      5    1.1905     1.1346    1.4094  1.1612    4.0038    4.0161    0.0122
ihdp_npci_10.csv     5    2.7994     1.1677    6.0126  2.7784    4.7329    4.5860    0.1469
ihdp_npci_2.csv      5    1.1418     1.1374    1.1608  1.1368    4.1338    4.0508    0.0829
ihdp_npci_3.csv      5    1.1375     1.0913    1.3206  1.1719    4.1010    4.0992    0.0019
ihdp_npci_4.csv      5    1.3167     1.1782    1.8014  1.2547    4.2614    4.2737    0.0123
ihdp_npci_5.csv      5    1.4978     1.1590    2.4862  1.4530    4.2170    4.1624    0.0546
ihdp_npci_6.csv      5    1.1837     1.1160    1.4430  1.1434    4.1542    4.0040    0.1502
ihdp_npci_7.csv      5    1.1614     1.1550    1.1887  1.1162    3.8585    3.9905    0.1321
ihdp_npci_8.csv      5    1.3218     1.1859    1.7995  1.4333    3.6905    3.8537    0.1631
ihdp_npci_9.csv      5    8.7779     1.2319   20.1853  8.7900   10.9262   10.4660    0.4602
-------------------------------------------------------------------------------------------
AVERAGE              5    2.1528     1.1557    3.8808  2.1439    4.8079    4.7502    0.1216
