dataset              k   cf_rmse  ctrl_rmse  trt_rmse    pehe   ate_hat  ate_true   ate_abs
-------------------------------------------------------------------------------------------
ihdp_npci_1_noisy_std_0.5.csv  18    1.1296     1.0854    1.3056  1.0927    4.0535    4.0161    0.0375
ihdp_npci_1_noisy_std_1.0.csv  18    1.1771     1.0929    1.4907  1.1413    4.0419    4.0161    0.0258
ihdp_npci_1_noisy_std_1.5.csv  18    1.1990     1.0993    1.5618  1.1624    4.0189    4.0161    0.0029
ihdp_npci_1_noisy_std_2.0.csv  18    1.2161     1.1044    1.6165  1.1802    3.9956    4.0161    0.0205
ihdp_npci_1_noisy_std_2.5.csv  18    1.2162     1.1025    1.6226  1.1812    3.9799    4.0161    0.0361
ihdp_npci_1_noisy_std_3.0.csv  18    1.2239     1.1032    1.6513  1.1884    3.9748    4.0161    0.0413
-------------------------------------------------------------------------------------------
AVERAGE             18    1.1937     1.0979    1.5414  1.1577    4.0108    4.0161    0.0273
