dataset              k   cf_rmse  ctrl_rmse  trt_rmse    pehe   ate_hat  ate_true   ate_abs
-------------------------------------------------------------------------------------------
ihdp_npci_1.csv      5    1.1912     1.1388    1.3974  1.1728    4.0615    4.0161    0.0455
ihdp_npci_10.csv     5    3.0748     1.1416    6.7163  3.0072    4.8694    4.5860    0.2834
ihdp_npci_2.csv      5    1.1918     1.1486    1.3647  1.1599    4.1000    4.0508    0.0492
ihdp_npci_3.csv      5    1.1058     1.0604    1.2855  1.1437    4.1275    4.0992    0.0283
ihdp_npci_4.csv      5    1.3295     1.1659    1.8850  1.2975    4.2989    4.2737    0.0253
ihdp_npci_5.csv      5    1.6138     1.1716    2.8270  1.5523    4.2611    4.1624    0.0986
ihdp_npci_6.csv      5    1.2317     1.1530    1.5289  1.1529    4.0956    4.0040    0.0916
ihdp_npci_7.csv      5    1.1903     1.1852    1.2121  1.1364    3.8435    3.9905    0.1471
ihdp_npci_8.csv      5    1.4672     1.2391    2.2028  1.5763    3.6601    3.8537    0.1936
ihdp_npci_9.csv      5    8.2848     1.1720   19.0489  8.3258   10.8826   10.4660    0.4165
-------------------------------------------------------------------------------------------
AVERAGE              5    2.1681     1.1576    3.9469  2.1525    4.8200    4.7502    0.1379
