dataset              k   cf_rmse  ctrl_rmse  trt_rmse    pehe   ate_hat  ate_true   ate_abs
-------------------------------------------------------------------------------------------
ihdp_npci_1.csv     18    1.0960     1.0648    1.2233  1.0610    4.0024    4.0161    0.0137
ihdp_npci_10.csv    18    3.0351     1.0876    6.6583  2.9893    4.8084    4.5860    0.2224
ihdp_npci_2.csv     18    1.1133     1.0866    1.2231  1.0852    4.0931    4.0508    0.0423
ihdp_npci_3.csv     18    1.0309     0.9968    1.1686  1.0704    4.1182    4.0992    0.0191
ihdp_npci_4.csv     18    1.2327     1.0844    1.7386  1.2304    4.1768    4.2737    0.0968
ihdp_npci_5.csv     18    1.4494     1.1127    2.4237  1.3910    4.1853    4.1624    0.0229
ihdp_npci_6.csv     18    1.0923     1.0381    1.3034  1.0255    4.1430    4.0040    0.1390
ihdp_npci_7.csv     18    1.0810     1.0790    1.0894  1.0532    3.8251    3.9905    0.1654
ihdp_npci_8.csv     18    1.1825     1.1030    1.4811  1.2327    3.7633    3.8537    0.0903
ihdp_npci_9.csv     18    7.5336     1.0857   17.3162  7.5846   11.2616   10.4660    0.7955
-------------------------------------------------------------------------------------------
AVERAGE             18    1.9847     1.0739    3.5626  1.9723    4.8377    4.7502    0.1607
